80
 -6.750000E+0000  5.500000E+0001 -5.000000E+0000 LMedialOrbitofrontalCortex
 -2.947368E+0001  5.052632E+0001 -8.421053E+0000 LMiddleOrbitofrontalCortex
 -5.000000E+0000  4.960000E+0001  3.040000E+0001 LSuperiorFrontalGyrusMedialPart
 -1.928572E+0001  5.071429E+0001 -1.607143E+0001 LSuperiorFrontalGyrusOrbitalPart
 -4.473684E+0000  3.526316E+0001  1.605263E+0001 LAnteriorCingulateCortex
 -3.382353E+0001  3.411765E+0001  3.617647E+0001 LMiddleFrontalGyrus
 -2.142857E+0001  3.607143E+0001  4.107143E+0001 LSuperiorFrontalGyrus
 -7.250000E+0000  3.475000E+0001 -2.000000E+0001 LGyrusRectus
 -3.500000E+0001  3.068182E+0001 -1.181818E+0001 LInferiorFrontalGyrusOrbitalPart
 -4.500000E+0001  3.076923E+0001  1.653846E+0001 LInferiorFrontalGyrusParsTriangularis
 -5.125000E+0001  1.541667E+0001  1.979167E+0001 LInferiorFrontalOperculum
 -3.846154E+0000  1.576923E+0001 -1.192308E+0001 LOlfactoryGyrus
 -3.568182E+0001  1.522727E+0001 -3.454546E+0001 LTemporalPoleMiddleTemporalGyrus
 -3.980769E+0001  1.596154E+0001 -1.884615E+0001 LTemporalPoleSuperiorTemporalGyrus
 -4.175000E+0001  1.075000E+0001 -7.500000E-0001 LInsula
 -6.111111E+0000  3.888889E+0000  5.916667E+0001 LSupplementaryMotorArea
 -3.946429E+0001 -5.178571E+0000  4.982143E+0001 LPrecentralGyrus
 -5.045454E+0001 -9.090909E+0000  1.363636E+0001 LRolandicOperculum
 -4.782609E+0000 -1.521739E+0001  4.065217E+0001 LMiddleCingulateCortex
 -1.958333E+0001 -1.583333E+0001 -2.041667E+0001 LParahippocampalGyrus
 -4.380952E+0001 -2.095238E+0001  9.285714E+0000 LHeschlGyrus
 -2.250000E+0001 -2.500000E+0001 -1.125000E+0001 LHippocampus
 -5.666667E+0001 -2.000000E+0001  6.000000E+0000 LSuperiorTemporalGyrus
 -5.000000E+0000 -2.500000E+0001  6.875000E+0001 LParacentralLobule
 -4.500000E+0001 -2.500000E+0001  4.984375E+0001 LPostcentralGyrus
 -5.055556E+0001 -3.083333E+0001 -2.500000E+0001 LInferiorTemporalGyrus
 -5.634615E+0001 -3.423077E+0001  3.038461E+0001 LSupramarginalGyrus
 -5.578947E+0001 -3.368421E+0001  7.894737E-0001 LMiddleTemporalGyrus
 -3.100000E+0001 -3.940000E+0001 -1.860000E+0001 LFusiformGyrus
 -4.444445E+0000 -4.527778E+0001  2.750000E+0001 LPosteriorCingulateCortex
 -4.481482E+0001 -4.462963E+0001  4.555556E+0001 LInferiorParietalLobule
 -1.017241E+0001 -5.517241E+0001  4.982759E+0001 LPrecuneus
 -2.482143E+0001 -5.946429E+0001  5.982143E+0001 LSuperiorParietalLobule
 -4.375000E+0001 -6.531250E+0001  4.031250E+0001 LAngularGyrus
 -1.480000E+0001 -6.960000E+0001 -4.600000E+0000 LLingualGyrus
 -1.020000E+0001 -8.060000E+0001  1.060000E+0001 LCalcarineSulcus
 -4.423077E+0000 -7.980769E+0001  2.538461E+0001 LCuneus
 -3.714286E+0001 -8.250000E+0001 -1.107143E+0001 LInferiorOccipitalGyrus
 -2.846154E+0001 -8.115385E+0001  1.576923E+0001 LMiddleOccipitalGyrus
 -2.000000E+0001 -8.479166E+0001  3.104167E+0001 LSuperiorOccipitalGyrus
  6.521739E+0000  5.000000E+0001 -4.130435E+0000 RMedialOrbitofrontalCortex
  2.960000E+0001  5.480000E+0001 -9.200000E+0000 RMiddleOrbitofrontalCortex
  8.636364E+0000  5.022727E+0001  3.090909E+0001 RSuperiorFrontalGyrusMedialPart
  1.666667E+0001  5.222222E+0001 -1.777778E+0001 RSuperiorFrontalGyrusOrbitalPart
  6.250000E+0000  3.593750E+0001  1.593750E+0001 RAnteriorCingulateCortex
  3.525000E+0001  3.425000E+0001  3.725000E+0001 RMiddleFrontalGyrus
  2.027778E+0001  2.944444E+0001  4.611111E+0001 RSuperiorFrontalGyrus
  7.250000E+0000  3.475000E+0001 -2.000000E+0001 RGyrusRectus
  4.043478E+0001  3.086957E+0001 -1.152174E+0001 RInferiorFrontalGyrusOrbitalPart
  4.571429E+0001  3.071428E+0001  1.642857E+0001 RInferiorFrontalGyrusParsTriangularis
  5.175000E+0001  1.550000E+0001  1.925000E+0001 RInferiorFrontalOperculum
  5.909091E+0000  1.727273E+0001 -1.227273E+0001 ROlfactoryGyrus
  4.386364E+0001  1.431818E+0001 -3.045455E+0001 RTemporalPoleMiddleTemporalGyrus
  4.500000E+0001  1.500000E+0001 -1.537037E+0001 RTemporalPoleSuperiorTemporalGyrus
  4.214286E+0001  1.095238E+0001 -2.380952E-0001 RInsula
  9.250000E+0000  1.000000E+0000  6.050000E+0001 RSupplementaryMotorArea
  4.000000E+0001 -9.444445E+0000  5.018518E+0001 RPrecentralGyrus
  5.086956E+0001 -4.782609E+0000  1.413043E+0001 RRolandicOperculum
  5.769231E+0000 -9.423077E+0000  4.019231E+0001 RMiddleCingulateCortex
  1.954545E+0001 -1.545455E+0001 -2.000000E+0001 RParahippocampalGyrus
  4.434783E+0001 -1.565217E+0001  9.347826E+0000 RHeschlGyrus
  2.250000E+0001 -2.500000E+0001 -1.125000E+0001 RHippocampus
  5.566667E+0001 -2.066667E+0001  6.333333E+0000 RSuperiorTemporalGyrus
  5.357143E+0000 -3.071428E+0001  6.714286E+0001 RParacentralLobule
  4.068966E+0001 -2.551724E+0001  5.465517E+0001 RPostcentralGyrus
  5.676471E+0001 -3.000000E+0001 -2.147059E+0001 RInferiorTemporalGyrus
  5.516667E+0001 -2.983333E+0001  3.500000E+0001 RSupramarginalGyrus
  5.575000E+0001 -3.400000E+0001  1.000000E+0000 RMiddleTemporalGyrus
  3.500000E+0001 -3.961538E+0001 -1.980769E+0001 RFusiformGyrus
  3.636364E+0000 -4.772727E+0001  2.136364E+0001 RPosteriorCingulateCortex
  4.500000E+0001 -4.500000E+0001  5.000000E+0001 RInferiorParietalLobule
  9.642858E+0000 -5.535714E+0001  4.571429E+0001 RPrecuneus
  2.442308E+0001 -5.961538E+0001  5.942308E+0001 RSuperiorParietalLobule
  4.025000E+0001 -6.025000E+0001  4.175000E+0001 RAngularGyrus
  1.543478E+0001 -6.565218E+0001 -4.347826E+0000 RLingualGyrus
  1.520000E+0001 -7.520000E+0001  1.160000E+0001 RCalcarineSulcus
  1.250000E+0001 -7.888889E+0001  2.972222E+0001 RCuneus
  3.692308E+0001 -8.230769E+0001 -1.153846E+0001 RInferiorOccipitalGyrus
  3.416667E+0001 -8.500000E+0001  2.000000E+0001 RMiddleOccipitalGyrus
  2.192308E+0001 -8.269231E+0001  3.000000E+0001 RSuperiorOccipitalGyrus
